.Random.seed <-
c(10403L, 202L, 262970697L, -1413979141L, -704444470L, -2102413012L, 
-1001663185L, 588602341L, 1759355548L, 1976346354L, -1475709075L, 
1837580455L, 1298612942L, -1233555416L, 726862891L, 2099297865L, 
-1704659112L, 1385472518L, -993129503L, -1477957261L, 934250978L, 
1466314068L, -1900886953L, 1029875789L, 1170271204L, -862729782L, 
1798230069L, -536932721L, 627875734L, -463166656L, 1290374659L, 
1667290145L, 280598288L, 744705262L, -1904421735L, 1498497323L, 
276363290L, 587756252L, 26686175L, 456748213L, -709965236L, -1223903582L, 
904240637L, -1459439881L, 1819992094L, 44790488L, -1227680197L, 
-9886759L, 1614991720L, -1899845482L, -7002607L, -1596956733L, 
-1309170734L, -269722012L, -1269322329L, 853771005L, -2041923852L, 
440689114L, 1180640549L, 149070911L, 821056454L, 1978515536L, 
-611816333L, 1978564753L, -337141568L, 1628899998L, 1525827177L, 
-1659865445L, -1408738390L, -1317421108L, 60273295L, 60627653L, 
1790603900L, 63807186L, 1046837837L, 2037225223L, 1215462126L, 
1265135560L, -1880149813L, 2032341289L, -40031880L, -2140488026L, 
202909889L, 858005843L, -1190982142L, 342185780L, 569038007L, 
-318749523L, 687661508L, -1105067542L, -667705771L, -1153552401L, 
616603638L, 1694193952L, 481482467L, -1561350271L, -1811498512L, 
1113958542L, -1436233735L, -1420679797L, -1641561670L, 1968881852L, 
1095328767L, 2030563669L, 515336812L, -437911870L, 1371973917L, 
246595479L, 576912126L, -1141153608L, 1371237019L, 406866169L, 
-1088685496L, -1289706122L, -82152271L, 397048035L, 1264580530L, 
993945604L, 561920839L, -1791274467L, -1036621676L, 1798383674L, 
-128890235L, 748682079L, 1461523430L, 8281712L, 594579859L, 1852560945L, 
-129332000L, -1985716866L, -67203063L, 2059567163L, 188927498L, 
1870781932L, 374755951L, -1876320859L, -1890394788L, -1887100622L, 
-1791000531L, -198885657L, -1622649842L, -750952984L, 1314047979L, 
-1212196727L, 865778712L, 1828232006L, -666080863L, -368814029L, 
404231586L, 1736863892L, 1705482007L, 393273613L, -111540188L, 
-888748022L, 1788640629L, 1846406351L, 818364374L, -1872953472L, 
-1393364029L, -835766943L, 632605648L, -59315410L, 917231321L, 
1247233259L, -1634335398L, -1870809316L, -1636978145L, 1224135285L, 
175316748L, -410053918L, -1535637571L, 1120649271L, -584660258L, 
-428493288L, -417048197L, -1840410343L, -782828120L, -1365614250L, 
-2072075823L, 924377475L, -654843886L, 975311780L, 1153016679L, 
1394423997L, -1937342412L, 749392794L, -399319067L, 1685416831L, 
900012806L, -613837680L, 539534643L, -516537647L, 1159940224L, 
1749119326L, 1142785705L, -993562277L, 960863082L, 921293324L, 
-1100631473L, 1574313733L, -862562372L, 1545392786L, -1987438195L, 
1128088007L, -704568658L, -1510348024L, -411477749L, -325425175L, 
-2126856008L, 820143974L, 1948369921L, 955200147L, 29611330L, 
939277044L, -1615477001L, 1724090093L, 1866781060L, -1394221142L, 
430728469L, 1639583663L, -1489141834L, -1616697888L, -1035469533L, 
-284323263L, 648887600L, -1915726002L, -1082049095L, -375038005L, 
596481146L, -428004196L, -2006598126L, 1439907712L, -1002058220L, 
876882472L, 718550330L, -525137456L, 1282585708L, 130427188L, 
668014226L, -338212000L, -676220084L, -246466592L, 817321890L, 
1075709864L, 494661004L, 1693452476L, -1400518286L, -168143632L, 
22540356L, 2089656664L, 2046879290L, -354174096L, -146655172L, 
-1334288620L, -1320639038L, -1804584224L, -1766008964L, -1130815792L, 
230561954L, -1392620504L, 949544204L, 1753081788L, 589146418L, 
-1240962624L, 1861044788L, -440017976L, 176748730L, 1331767696L, 
-808152596L, -1970716076L, -1366396782L, -1925140704L, 354265548L, 
242931168L, -347212094L, -333028312L, -408178004L, 1059415228L, 
-821286414L, 323170608L, -1437707100L, 1699825336L, 990592346L, 
528610704L, 507663228L, -478582508L, 428180290L, -1109386496L, 
559724476L, 1335942992L, 1396507426L, 1781308744L, 822749708L, 
-1049196452L, -1227981614L, 77339136L, -719557292L, -112436760L, 
1144802298L, -314605360L, 641469740L, -577199372L, 743823762L, 
-1177308064L, 572368140L, 1870975712L, 1805076834L, 530848424L, 
-1388871092L, -642043524L, 894895410L, 124104816L, 753616708L, 
-1444233768L, -573272966L, -1063588304L, -894580036L, 1861492564L, 
-1150315454L, -1637859936L, 1307183804L, -1845446192L, -1088455326L, 
1249865704L, 480987084L, 1852935932L, -481336846L, 122521728L, 
981632244L, -139491704L, 685463354L, -1356057776L, -824990100L, 
-1115832172L, 1926648146L, -1865253152L, -368381236L, -1109004128L, 
1498561410L, 420344552L, -1604906260L, 14163004L, 370643570L, 
-422022032L, 1952417316L, -1059732424L, -532072422L, 1563859664L, 
1772852284L, 1277371540L, 723295362L, -699873344L, 630872380L, 
-1992519024L, 292121634L, 871810056L, -1441183604L, 1821375516L, 
508827282L, -626244480L, 606687252L, -59136728L, -1400500678L, 
15541456L, -2024319892L, 2045571764L, -1204053998L, 1874577376L, 
-785682484L, -382759456L, -894140894L, -1289901784L, 1167855884L, 
194422332L, -263417614L, -970249488L, 118477636L, -738813352L, 
545079866L, 1245628144L, -1302999876L, -788869612L, 1459994818L, 
-400859040L, -1488360068L, 843267280L, -1795552222L, -178898264L, 
-1411022964L, -604022340L, 1451312178L, 1910245184L, -1723918156L, 
1000289096L, 848349882L, -660025584L, -1283524372L, 1171887188L, 
1538963218L, 1579168672L, -960880692L, 93465440L, -1742217022L, 
951977512L, -61483604L, 201887548L, 2038914930L, 275804976L, 
1112744484L, -31903688L, 1777290458L, 771309968L, 1431205628L, 
752799636L, 144270146L, -788063744L, -436706756L, -2110433712L, 
-1996352862L, -1236878520L, 549394956L, -678155044L, -694095278L, 
-1579595648L, 117144404L, 1032720872L, 2124032762L, 1297798992L, 
668754988L, 164975988L, 1012145810L, 260323936L, -286256500L, 
1818061664L, -1100598558L, 22993064L, 2038911180L, -1935523332L, 
463601586L, -1955686928L, 779660740L, 79165272L, 179264378L, 
-1907786320L, -1751236164L, -2017566636L, 1619063746L, 1229939488L, 
-1947854916L, 706523728L, -320442910L, -532909720L, -780546740L, 
1278075132L, -2056109326L, -1955434752L, -1141287020L, 154198949L, 
545182895L, 556321128L, 1261367622L, -487012109L, -1079945643L, 
-445695438L, 343345152L, -631071511L, -849634469L, 1529462188L, 
-1382144582L, -1442077841L, 587199737L, -1612142194L, 417324124L, 
24227533L, -1456305609L, -961625920L, 936267678L, -2075913109L, 
-253578259L, 1185568346L, -161277672L, 1680975489L, -457671629L, 
225970772L, -1311228318L, -1741385481L, -1253145791L, -48809530L, 
1299825412L, -2064406859L, -471903841L, -730460680L, -572947498L, 
-456499613L, 270097957L, 530394562L, -1992793424L, 1675635417L, 
-140030901L, -1715629380L, 2093322474L, 1827704095L, -238856791L, 
2066625342L, 1912311340L, 1929362557L, 269567687L, 576618416L, 
691589582L, -961099013L, 1053546845L, -567039350L, -1149675352L, 
-1394119663L, -361415421L, -1556836348L, 1691361330L, -1880897401L, 
648807633L, -865968554L, -1903481292L, 977225029L, 1250428815L, 
1698575112L, -1387432666L, -1674465837L, -1063770315L, -979784046L, 
-2073208224L, -1250493495L, -771081477L, -2096823092L, 1767841114L, 
-2049691569L, 893426969L, 1336579886L, -330897092L, -723591507L, 
976230743L, -1783261024L, -1846401538L, 1196292299L, -2017950003L, 
226136570L, 1831594552L, 224208865L, -646012781L, -900676940L, 
-807039038L, 1816853463L, 1957499937L, -1086544922L, 866946788L, 
1498782229L, 167580223L, -175330856L, -521478154L, -1337858045L, 
-1819819195L, 1462650722L, -166303536L, -1361325063L, -1409306837L, 
975244444L, -684244278L, -261567553L, 1063651081L, 1284435998L, 
1260421580L, -619410531L, -389675481L, -1580086192L, -576113426L, 
526135707L, 1554196477L, -1407982870L, 897955208L, -1027034319L, 
-1569166429L, -1936917596L, -394963374L, -474761817L, 1136964081L, 
1833887030L, 679595476L, -1359895707L, -145429649L, -1675434584L, 
-529695994L, 530775603L, 1165784213L, 954871026L, 2064833856L, 
484237993L, 1057712923L, 186490092L, -1352638214L, 429515055L, 
-1071983303L, -1496803506L, 1789762972L, 861011725L, -657196681L, 
